12 0.04392534375 0.44708607499999997 0.0909446984375 0.6232903125 0.154303678125 0.6236807640625 0.10752688125000001 0.4394546015625 0.10558647343750001 0.43455034374999996 0.04392534375 0.44708607499999997
10 0.10904134375 0.434911215625 0.1511860109375 0.605803 0.2374098390625 0.564125678125 0.157516 0.41405776406249994 0.10904134375 0.434911215625
18 0.1941411609375 0.401977559375 0.16943647343749998 0.414578365625 0.1696198703125 0.41825211875 0.241787590625 0.5732538703125 0.26217367812500003 0.561451709375 0.1941411609375 0.401977559375
29 0.1941648171875 0.4058702046875 0.2647766671875 0.5636760749999999 0.297674828125 0.5439288921875 0.2426453875 0.387039978125 0.1941648171875 0.4058702046875
2 0.393760409375 0.35767359062500004 0.4271555046875 0.5143317953125 0.5123381390625 0.4894851296875 0.45415554843750006 0.3258698703125 0.393760409375 0.35767359062500004
5 0.455817903125 0.3266507640625 0.518958 0.50995995625 0.5592332578125 0.4832143015625 0.5090489140625001 0.300691925 0.455817903125 0.3266507640625
2 0.516431925 0.3046673875 0.55807965625 0.4832734625 0.6052054953125 0.46031988124999995 0.5675983015625 0.28665355937500003 0.516431925 0.3046673875
0 0.5694381296875 0.288008290625 0.6062821828125 0.467537246875 0.6672097421875 0.4411702046875 0.6280052578124999 0.2781346984375 0.5694381296875 0.288008290625
1 0.628141321875 0.2769396984375 0.6743856984375001 0.4401171828125 0.727362321875 0.42383669843750005 0.6690909890625 0.2520397953125 0.628141321875 0.2769396984375
0 0.783888484375 0.41648327968750004 0.736898709375 0.244408321875 0.6719306125 0.267929828125 0.7265577640624999 0.4310422359375 0.783888484375 0.41648327968750004
7 0.8216376562500001 0.1826052046875 0.7329291609374999 0.2469048171875 0.800565321875 0.41669624687500006 0.895609709375 0.3737884296875 0.8216376562500001 0.1826052046875
2 0.426729559375 0.5425209140625 0.462195215625 0.708472946875 0.5445500640625001 0.6851466671875001 0.495548903125 0.5162958609375 0.426729559375 0.5425209140625
2 0.502801753125 0.5182066875 0.5376107421875 0.6943103546875 0.6059863875 0.6646422578125 0.5666813328125 0.49589793593750003 0.502801753125 0.5182066875
6 0.570668634375 0.49898010781249996 0.599910784375 0.675474215625 0.6634827421875 0.6483144515625 0.62692265625 0.4694007421875 0.570668634375 0.49898010781249996
2 0.6269877312500001 0.4742872578125 0.6602349359375 0.6356071609375 0.7414243546875 0.614452 0.699729290625 0.44097497812500003 0.6269877312500001 0.4742872578125