12 0.1265625 0.3046875 0.0765625 0.178125
22 0.1921875 0.309375 0.0484375 0.190625
29 0.2828125 0.3171875 0.071875 0.1828125
2 0.4859375 0.3484375 0.0640625 0.1640625
5 0.546875 0.3625 0.0640625 0.19375
2 0.6109375 0.3609375 0.065625 0.1734375
0 0.6734375 0.36875 0.0703125 0.190625
1 0.725 0.371875 0.046875 0.196875
8 0.778125 0.371875 0.08125 0.2015625
7 0.8671875 0.375 0.1 0.1828125
2 0.428125 0.5421875 0.084375 0.165625
2 0.4984375 0.54375 0.071875 0.1875
6 0.565625 0.5578125 0.06875 0.175
2 0.640625 0.5640625 0.0796875 0.1765625