31 0.237659228125 0.615053534375 0.171851034375 0.5124297453125 0.11518026249999999 0.5385537984375001 0.1759441515625 0.6416794 0.237659228125 0.615053534375
17 0.2341278421875 0.495825096875 0.17358489531250001 0.5156690375 0.1745430703125 0.518524003125 0.24097342031250002 0.619648465625 0.2962248953125 0.5969771609375 0.2341278421875 0.495825096875
21 0.3429942921875 0.5809005296875001 0.26009835625 0.4893802140625 0.23871153281250002 0.5006709265625 0.29985739843750003 0.600834353125 0.3429942921875 0.5809005296875001
29 0.2772867015625 0.49191730156249996 0.33863154375 0.5845517578125 0.3858016375 0.560580990625 0.3257080765625 0.4641549203125 0.2772867015625 0.49191730156249996
5 0.57825681875 0.5098195875 0.516219684375 0.411266446875 0.46783625781250004 0.43356326562499997 0.5253383859375 0.5363068921874999 0.57825681875 0.5098195875
1 0.6163568953125 0.502974009375 0.5597947249999999 0.4023799265625 0.52204291875 0.4151648328125 0.579488871875 0.518043271875 0.6163568953125 0.502974009375
8 0.6714510812500001 0.4861446640625 0.6168212515625 0.38255844687499996 0.5699619828125 0.4094314703125 0.619704784375 0.506449225 0.6714510812500001 0.4861446640625
2 0.672450959375 0.49170202031250004 0.7277923093750001 0.4756553484375 0.6682305140625 0.3644221546875 0.6192928531249999 0.382067875 0.6202665140625 0.385629225 0.672450959375 0.49170202031250004
7 0.7686036484375001 0.464297225 0.7127192984375 0.34907951718749997 0.66820055625 0.37029032968750003 0.73233480625 0.4823736046875 0.7686036484375001 0.464297225
2 0.8241172625000001 0.4450562015625 0.7647239890625 0.3359650609375 0.71709328125 0.35303407343750004 0.7709891171875001 0.46861878125 0.8241172625000001 0.4450562015625
4 0.6476975203124999 0.6243370140625 0.5891543218749999 0.5333222484375 0.5464480875 0.559150459375 0.6039689421875 0.649303909375 0.6476975203124999 0.6243370140625
5 0.6945118531250001 0.6159036171875 0.629059415625 0.5118305703125 0.5941199890625 0.5350074296875 0.6513599765625 0.6344780562500001 0.6945118531250001 0.6159036171875
6 0.744939965625 0.5981118515625 0.6873329828125 0.49866743593749996 0.63848145 0.5169685 0.693040128125 0.622958909375 0.744939965625 0.5981118515625
1 0.783564315625 0.5808780609374999 0.7252944968749999 0.488174371875 0.692751771875 0.5056066343750001 0.7443894671875 0.5991566578125 0.783564315625 0.5808780609374999
5 0.91338144375 0.40789303749999994 0.8679758718749999 0.3305330328125 0.8105535140625 0.34164137656250004 0.8592315609375 0.4313634765625 0.91338144375 0.40789303749999994