25 0.04375 0.3875 0.0859375 0.271875
27 0.109375 0.3703125 0.0625 0.284375
21 0.171875 0.38125 0.0609375 0.2828125
29 0.2421875 0.3625 0.078125 0.265625
2 0.4453125 0.3453125 0.0796875 0.265625
0 0.5125 0.340625 0.0640625 0.2671875
6 0.578125 0.334375 0.0671875 0.2609375
0 0.6390625 0.325 0.065625 0.275
0 0.7109375 0.31875 0.0640625 0.26875
8 0.7796875 0.315625 0.071875 0.2703125
8 0.940625 0.296875 0.0734375 0.278125
2 0.4515625 0.6953125 0.078125 0.2640625
2 0.521875 0.6953125 0.0703125 0.2703125
16 0.5921875 0.6890625 0.071875 0.284375
1 0.659375 0.684375 0.075 0.284375