25 0.184007103125 0.631990971875 0.1099626453125 0.41052297187500003 0.043714196875 0.441294840625 0.1216036734375 0.661644084375 0.184007103125 0.631990971875
27 0.23596482187499998 0.6121653171875 0.15965339218750002 0.3922046921875 0.10853180312499999 0.411147121875 0.190601915625 0.6447036546875 0.23596482187499998 0.6121653171875
21 0.149349 0.39593194375 0.23647120625 0.6078963453124999 0.2877341125 0.591479971875 0.1929454296875 0.3779846265625 0.149349 0.39593194375
29 0.2637925796875 0.35537383125 0.2640575515625 0.35684 0.192274178125 0.3738334203125 0.27441494375 0.584902821875 0.339638840625 0.5612380375 0.2637925796875 0.35537383125
2 0.4951292609375 0.505188 0.418335 0.286039953125 0.35725052343749997 0.31618179375 0.4325374015625 0.5291236453125 0.4951292609375 0.505188
0 0.5475757015625 0.47796083125 0.4679904203125 0.26075001875 0.4160385890625 0.28904884062499997 0.49570630781249997 0.5034568593750001 0.5475757015625 0.47796083125
6 0.5998513828125 0.46397629843750005 0.5113925421875 0.23848663593750002 0.47030449531249996 0.2619158875 0.5417345796874999 0.48790605625000005 0.5998513828125 0.46397629843750005
0 0.6079535796875 0.477748859375 0.65713205625 0.4549555328125 0.6567434296875 0.45728138281249997 0.658091840625 0.45655713125 0.5662590468750001 0.226245009375 0.5080185890625 0.231208784375 0.6079535796875 0.477748859375
0 0.653022075 0.4434146078125 0.697130784375 0.4183955328125 0.618363971875 0.2128375140625 0.565422915625 0.228199896875 0.653022075 0.4434146078125
8 0.7558422984375001 0.381482234375 0.6677485328125 0.17409886875 0.6180283359375001 0.21066475625 0.6976842796875 0.4127192796875 0.7558422984375001 0.381482234375
8 0.7899115796875 0.3877296453125 0.9061922984375 0.3366316078125 0.8205127015624999 0.08338483125 0.73721194375 0.108197821875 0.7899115796875 0.3877296453125
2 0.4536825609375 0.5708426265625001 0.534800028125 0.8243727484375001 0.603106859375 0.8030106078125 0.5239308968749999 0.5451217749999999 0.4536825609375 0.5708426265625001
2 0.6636033921875 0.778008840625 0.5546355046875 0.52502079375 0.525346925 0.5437057484375 0.6010104671875001 0.8021034671875 0.6636033921875 0.778008840625
6 0.6519820000000001 0.7547273265625 0.7086508312500001 0.72909498125 0.62469024375 0.5158166078125 0.5647523734375001 0.526281953125 0.5621636921875 0.5281294203125 0.6519820000000001 0.7547273265625
1 0.7422040937500001 0.712074971875 0.6638965609375 0.49955992499999996 0.6249336265625 0.5132555890625 0.6991977296874999 0.7327844015625 0.7422040937500001 0.712074971875