11 0.1375 0.2546875 0.0921875 0.0984375
10 0.23125 0.259375 0.096875 0.109375
32 0.334375 0.2578125 0.1046875 0.1046875
24 0.43125 0.253125 0.084375 0.096875
5 0.1359375 0.39375 0.0984375 0.1578125
0 0.2375 0.39375 0.0921875 0.1578125
4 0.334375 0.3890625 0.0875 0.159375
1 0.4375 0.4046875 0.065625 0.1734375
4 0.590625 0.40625 0.096875 0.1703125
0 0.696875 0.4140625 0.0984375 0.171875
5 0.8734375 0.41875 0.0953125 0.178125
4 0.5765625 0.584375 0.065625 0.109375
5 0.646875 0.5890625 0.0578125 0.121875
16 0.7203125 0.6 0.0671875 0.1203125
1 0.79375 0.6015625 0.053125 0.1203125