11 0.125 0.5546875 0.046875 0.0828125
21 0.171875 0.5453125 0.046875 0.0796875
10 0.228125 0.5265625 0.0546875 0.084375
29 0.2828125 0.515625 0.0578125 0.090625
4 0.4734375 0.4671875 0.0625 0.096875
8 0.525 0.4546875 0.0546875 0.0875
0 0.5765625 0.4390625 0.046875 0.0953125
4 0.63125 0.425 0.0484375 0.1
0 0.68125 0.4125 0.053125 0.090625
8 0.740625 0.3984375 0.05 0.0984375
8 0.8640625 0.3640625 0.05625 0.0921875
16 0.54375 0.5390625 0.0546875 0.0953125
16 0.596875 0.5265625 0.0640625 0.0921875
1 0.65625 0.509375 0.05625 0.0875