11 0.1421875 0.35 0.0625 0.096875
14 0.2015625 0.35625 0.0515625 0.1015625
10 0.25 0.3625 0.0625 0.10625
29 0.3140625 0.378125 0.065625 0.1
4 0.4875 0.4046875 0.0625 0.078125
8 0.54375 0.4125 0.05 0.0890625
0 0.5953125 0.4171875 0.05 0.084375
4 0.6546875 0.425 0.05625 0.096875
0 0.7078125 0.4375 0.0515625 0.0890625
8 0.759375 0.4390625 0.0546875 0.090625
8 0.8859375 0.471875 0.065625 0.109375
4 0.4703125 0.496875 0.0625 0.0921875
5 0.5265625 0.50625 0.0625 0.096875
16 0.58125 0.5140625 0.0609375 0.0890625
1 0.6375 0.525 0.046875 0.08125
16 0.1234375 0.678125 0.04375 0.0578125
26 0.153125 0.6765625 0.0375 0.059375
24 0.18125 0.6859375 0.0359375 0.0703125
27 0.209375 0.6890625 0.03125 0.065625
27 0.2421875 0.69375 0.040625 0.05625
3 0.378125 0.6921875 0.0359375 0.0578125
2 0.4109375 0.6953125 0.03125 0.05625
5 0.4515625 0.7046875 0.04375 0.0625
0 0.4828125 0.7078125 0.028125 0.0640625
0 0.5078125 0.70625 0.03125 0.0609375
20 0.5703125 0.725 0.034375 0.0578125
16 0.6046875 0.725 0.0296875 0.0640625
27 0.6390625 0.73125 0.0375 0.0640625
21 0.5578125 0.771875 0.034375 0.0484375
11 0.5890625 0.7828125 0.0375 0.0546875
27 0.61875 0.7828125 0.03125 0.0484375
32 0.0609375 0.665625 0.0390625 0.0609375
10 0.028125 0.6640625 0.025 0.0640625
2 0.3625 0.746875 0.059375 0.0640625
1 0.3953125 0.7546875 0.021875 0.05
4 0.4375 0.7609375 0.040625 0.0609375
5 0.4671875 0.7625 0.028125 0.0640625
0 0.496875 0.7703125 0.0375 0.065625