11 0.16875 0.5546875 0.0484375 0.0828125
14 0.21875 0.55625 0.0453125 0.0859375
10 0.2625 0.55625 0.0484375 0.0921875
29 0.3171875 0.5515625 0.053125 0.0859375
5 0.4671875 0.546875 0.05625 0.08125
8 0.5203125 0.546875 0.05 0.0796875
9 0.571875 0.546875 0.0484375 0.0828125
6 0.6234375 0.5453125 0.0515625 0.0859375
7 0.671875 0.540625 0.046875 0.0796875
3 0.73125 0.54375 0.05625 0.090625
0 0.875 0.5328125 0.0625 0.0796875
4 0.48125 0.640625 0.0546875 0.0828125
5 0.53125 0.6359375 0.04375 0.08125
16 0.5859375 0.6359375 0.053125 0.08125
1 0.6375 0.6359375 0.0453125 0.0859375