11 0.115625 0.45625 0.0671875 0.0734375
22 0.1828125 0.4625 0.065625 0.0875
24 0.2421875 0.475 0.05 0.0703125
29 0.2953125 0.490625 0.0484375 0.078125
5 0.4453125 0.5125 0.0546875 0.0734375
0 0.496875 0.521875 0.0484375 0.08125
1 0.546875 0.5375 0.034375 0.06875
4 0.5984375 0.5453125 0.0484375 0.071875
6 0.6453125 0.5515625 0.046875 0.0765625
6 0.69375 0.5625 0.0515625 0.06875
8 0.8078125 0.5875 0.053125 0.0828125
4 0.46875 0.5953125 0.05625 0.0734375
5 0.5171875 0.5984375 0.04375 0.0703125
16 0.5703125 0.609375 0.05625 0.0671875
1 0.6265625 0.6234375 0.0390625 0.0671875