11 0.1 0.446875 0.065625 0.0859375
22 0.16875 0.4453125 0.0609375 0.0890625
24 0.2328125 0.453125 0.0609375 0.0890625
29 0.29375 0.4515625 0.0609375 0.0828125
2 0.478125 0.459375 0.0515625 0.078125
2 0.48125 0.559375 0.0578125 0.084375
2 0.5453125 0.5609375 0.0546875 0.0875
16 0.609375 0.5640625 0.059375 0.0921875
1 0.671875 0.5640625 0.046875 0.0859375
0 0.5390625 0.459375 0.0515625 0.0796875
2 0.6 0.4609375 0.05625 0.084375
5 0.6609375 0.4625 0.05625 0.0875
1 0.721875 0.4625 0.0421875 0.071875
7 0.7796875 0.4640625 0.0546875 0.0859375
0 0.93125 0.4671875 0.0671875 0.0859375