11 0.1921875 0.55625 0.05625 0.0640625
22 0.2453125 0.55 0.05625 0.05
24 0.29375 0.54375 0.0421875 0.053125
29 0.3453125 0.5390625 0.05 0.0484375
4 0.5109375 0.515625 0.0609375 0.0515625
4 0.571875 0.509375 0.0421875 0.053125
6 0.621875 0.503125 0.053125 0.0625
0 0.6765625 0.4953125 0.046875 0.0625
0 0.734375 0.490625 0.0484375 0.0640625
5 0.7875 0.4796875 0.053125 0.0640625
1 0.66875 0.5640625 0.0390625 0.0609375
3 0.9171875 0.4578125 0.1 0.06875
4 0.490625 0.5828125 0.0609375 0.059375
5 0.55 0.578125 0.0484375 0.065625
16 0.6078125 0.575 0.0484375 0.0734375