11 0.115625 0.446875 0.0546875 0.0734375
22 0.1734375 0.446875 0.0578125 0.0734375
24 0.2328125 0.440625 0.046875 0.0609375
29 0.2875 0.4453125 0.05 0.0671875
5 0.45625 0.4421875 0.05625 0.065625
0 0.5203125 0.440625 0.0515625 0.0671875
9 0.5734375 0.4421875 0.046875 0.071875
8 0.6265625 0.4375 0.04375 0.06875
0 0.684375 0.440625 0.0515625 0.071875
6 0.7421875 0.4421875 0.0578125 0.075
2 0.8859375 0.4375 0.059375 0.071875
4 0.45625 0.5296875 0.059375 0.08125
5 0.5125 0.5296875 0.053125 0.0828125
16 0.571875 0.528125 0.05625 0.075
1 0.63125 0.528125 0.0421875 0.0828125