11 0.115625 0.4296875 0.065625 0.08125
22 0.1765625 0.4375 0.0671875 0.090625
24 0.2328125 0.4359375 0.053125 0.0703125
29 0.2921875 0.4421875 0.0578125 0.078125
2 0.4859375 0.4546875 0.0640625 0.0796875
4 0.5515625 0.4578125 0.0609375 0.0890625
5 0.6125 0.4609375 0.053125 0.08125
4 0.6734375 0.465625 0.05625 0.078125
0 0.7328125 0.4703125 0.05625 0.078125
1 0.8 0.4796875 0.0453125 0.0828125
0 0.9078125 0.4875 0.0671875 0.08125
2 0.48125 0.55 0.0625 0.0875
2 0.5484375 0.5546875 0.065625 0.090625
16 0.6140625 0.559375 0.0625 0.096875
1 0.6796875 0.565625 0.046875 0.09375