11 0.159375 0.534375 0.0546875 0.0703125
22 0.2125 0.528125 0.059375 0.071875
24 0.265625 0.51875 0.0421875 0.0609375
29 0.3109375 0.50625 0.04375 0.065625
5 0.4515625 0.4703125 0.05625 0.0734375
0 0.503125 0.46875 0.0515625 0.075
9 0.553125 0.465625 0.0453125 0.0828125
8 0.6 0.45 0.0515625 0.0703125
0 0.65 0.4421875 0.0453125 0.06875
6 0.7 0.4328125 0.053125 0.06875
2 0.8234375 0.4125 0.0546875 0.08125
4 0.4796875 0.5578125 0.0546875 0.0796875
5 0.525 0.5484375 0.0515625 0.0703125
16 0.575 0.5390625 0.0578125 0.075
1 0.6328125 0.5328125 0.0515625 0.075
27 0.3703125 0.7703125 0.03125 0.0546875
27 0.3390625 0.7734375 0.0328125 0.0625
24 0.309375 0.7828125 0.0265625 0.053125
26 0.2875 0.7875 0.0296875 0.0609375
12 0.2546875 0.7921875 0.040625 0.0734375
32 0.196875 0.8046875 0.0390625 0.0546875
10 0.1640625 0.8046875 0.0328125 0.0609375
22 0.1328125 0.8078125 0.034375 0.0640625
3 0.4953125 0.721875 0.0453125 0.0515625
0 0.6265625 0.703125 0.028125 0.05625
0 0.6 0.7015625 0.0296875 0.071875
4 0.571875 0.7078125 0.03125 0.065625
8 0.5328125 0.71875 0.034375 0.0578125
20 0.6859375 0.69375 0.0484375 0.0625
16 0.715625 0.6796875 0.040625 0.0640625
27 0.740625 0.675 0.0328125 0.0578125
0 0.640625 0.7484375 0.025 0.046875
0 0.6171875 0.753125 0.0328125 0.0515625
2 0.5859375 0.7609375 0.0296875 0.0515625
0 0.659375 0.81875 0.0328125 0.0421875
6 0.6359375 0.8203125 0.0234375 0.0390625
21 0.703125 0.75 0.040625 0.05
11 0.728125 0.73125 0.0296875 0.0453125
27 0.753125 0.734375 0.0296875 0.06875
27 0.784375 0.7984375 0.0328125 0.0515625
16 0.753125 0.8015625 0.025 0.0546875
20 0.725 0.809375 0.034375 0.05625