11 0.24375 0.540625 0.0515625 0.0640625
22 0.29375 0.5359375 0.053125 0.059375
24 0.3375 0.53125 0.0484375 0.0609375
29 0.384375 0.528125 0.0578125 0.065625
5 0.5125 0.5171875 0.0421875 0.0578125
2 0.5625 0.515625 0.05 0.065625
4 0.61875 0.509375 0.046875 0.0640625
0 0.665625 0.50625 0.0421875 0.0640625
8 0.7140625 0.5 0.04375 0.0640625
9 0.76875 0.4984375 0.05625 0.0671875
7 0.9015625 0.484375 0.0609375 0.0734375
4 0.5140625 0.584375 0.046875 0.0765625
5 0.5578125 0.5828125 0.0484375 0.078125
16 0.6125 0.58125 0.0546875 0.0765625
1 0.66875 0.575 0.03125 0.0671875
27 0.7421875 0.7234375 0.034375 0.046875
16 0.7109375 0.71875 0.0328125 0.05625
20 0.675 0.721875 0.028125 0.0515625
0 0.6265625 0.7265625 0.0390625 0.040625
8 0.5921875 0.7265625 0.028125 0.040625
4 0.565625 0.7296875 0.0265625 0.0359375
0 0.5203125 0.7296875 0.0328125 0.034375
3 0.4890625 0.7265625 0.028125 0.0390625