11 0.1046875 0.509375 0.0515625 0.0625
23 0.153125 0.5078125 0.0625 0.06875
24 0.20625 0.5015625 0.046875 0.065625
29 0.259375 0.5 0.059375 0.071875
4 0.4109375 0.484375 0.05625 0.0671875
4 0.465625 0.4796875 0.053125 0.0671875
4 0.5171875 0.475 0.053125 0.065625
8 0.56875 0.46875 0.05 0.065625
1 0.6234375 0.46875 0.040625 0.071875
5 0.6765625 0.465625 0.059375 0.0765625
0 0.81875 0.4484375 0.06875 0.0625
4 0.3953125 0.5546875 0.0625 0.075
5 0.4484375 0.5484375 0.05625 0.078125
16 0.5046875 0.5453125 0.0609375 0.075
1 0.5609375 0.5421875 0.04375 0.084375