11 0.1546875 0.509375 0.040625 0.05625
22 0.203125 0.5046875 0.0515625 0.0578125
24 0.246875 0.5 0.0421875 0.0578125
29 0.2921875 0.5 0.0484375 0.0609375
4 0.4265625 0.4859375 0.0484375 0.0578125
4 0.475 0.48125 0.0375 0.053125
4 0.521875 0.4796875 0.0375 0.05625
5 0.5625 0.475 0.0453125 0.0578125
1 0.609375 0.475 0.03125 0.059375
4 0.6578125 0.465625 0.0484375 0.059375
6 0.7734375 0.4609375 0.0625 0.06875
4 0.428125 0.5484375 0.0453125 0.059375
5 0.4734375 0.54375 0.04375 0.059375
16 0.521875 0.540625 0.0453125 0.0609375
1 0.5734375 0.5390625 0.04375 0.0625