11 0.3078125 0.515625 0.05 0.0796875
27 0.35625 0.50625 0.040625 0.0828125
18 0.3859375 0.5 0.0203125 0.078125
29 0.4171875 0.49375 0.046875 0.0875
3 0.5578125 0.4578125 0.053125 0.0859375
1 0.609375 0.446875 0.034375 0.0828125
7 0.6578125 0.4390625 0.05 0.0859375
9 0.7078125 0.4359375 0.0515625 0.0984375
4 0.75625 0.421875 0.0484375 0.0828125
2 0.8109375 0.409375 0.0578125 0.09375
7 0.94375 0.3734375 0.0609375 0.103125
2 0.5296875 0.5625 0.05 0.0859375
2 0.58125 0.5546875 0.046875 0.0921875
6 0.6296875 0.5453125 0.0515625 0.096875
2 0.6828125 0.5375 0.0546875 0.0921875
3 0.5125 0.6671875 0.0359375 0.05625
3 0.540625 0.6578125 0.025 0.053125
4 0.578125 0.65 0.028125 0.0484375