11 0.2 0.6125 0.053125 0.115625
27 0.246875 0.603125 0.046875 0.10625
18 0.284375 0.596875 0.028125 0.1125
29 0.325 0.5875 0.0609375 0.125
3 0.4640625 0.5515625 0.0640625 0.1140625
1 0.521875 0.540625 0.046875 0.121875
8 0.5734375 0.5234375 0.059375 0.1140625
3 0.63125 0.5109375 0.059375 0.121875
7 0.690625 0.49375 0.05625 0.115625
2 0.7546875 0.4796875 0.0703125 0.125
5 0.9328125 0.4328125 0.0765625 0.1140625
2 0.446875 0.678125 0.0703125 0.13125
2 0.5109375 0.66875 0.0546875 0.121875
16 0.565625 0.6515625 0.065625 0.125
1 0.63125 0.640625 0.0484375 0.1234375