11 0.1671875 0.4421875 0.05625 0.0703125
27 0.221875 0.44375 0.046875 0.0671875
18 0.259375 0.4484375 0.034375 0.06875
29 0.296875 0.45 0.0578125 0.0671875
3 0.4390625 0.4703125 0.0546875 0.0625
1 0.4953125 0.4765625 0.04375 0.075
8 0.55625 0.4828125 0.0625 0.0765625
3 0.6140625 0.4921875 0.0546875 0.0796875
7 0.671875 0.49375 0.0578125 0.078125
2 0.734375 0.503125 0.0625 0.084375
5 0.9171875 0.521875 0.0625 0.08125
2 0.4046875 0.5515625 0.05625 0.0734375
2 0.4671875 0.5578125 0.0625 0.0734375
16 0.53125 0.56875 0.065625 0.084375
1 0.5953125 0.578125 0.0484375 0.0890625
3 0.3734375 0.64375 0.0328125 0.0578125
0 0.4046875 0.64375 0.0265625 0.040625
4 0.453125 0.6546875 0.0390625 0.0578125
8 0.4875 0.6578125 0.028125 0.0578125
0 0.5203125 0.6609375 0.0328125 0.0515625
20 0.6015625 0.671875 0.0390625 0.05625
16 0.6390625 0.6796875 0.034375 0.0609375
27 0.6765625 0.684375 0.040625 0.0578125
21 0.5890625 0.725 0.0359375 0.0515625
11 0.6265625 0.725 0.034375 0.05
27 0.659375 0.73125 0.04375 0.0515625
0 0.509375 0.7078125 0.04375 0.0453125
0 0.478125 0.7046875 0.0328125 0.04375
2 0.44375 0.7015625 0.04375 0.0453125
7 0.396875 0.6921875 0.034375 0.046875
6 0.3640625 0.690625 0.040625 0.0515625
2 0.359375 0.7734375 0.05 0.0515625
16 0.0421875 0.6140625 0.0703125 0.1
14 0.0390625 0.7453125 0.078125 0.1046875
1 0.4125 0.775 0.0359375 0.046875