12 0.175 0.5328125 0.059375 0.0765625
10 0.2296875 0.525 0.0515625 0.0765625
21 0.2765625 0.5125 0.046875 0.078125
29 0.3171875 0.503125 0.0546875 0.0671875
3 0.4484375 0.4609375 0.065625 0.0765625
1 0.4984375 0.453125 0.04375 0.059375
4 0.5453125 0.440625 0.0421875 0.0734375
9 0.5875 0.4359375 0.0625 0.0828125
3 0.634375 0.425 0.05625 0.0875
4 0.6859375 0.4125 0.0515625 0.0921875
5 0.7625 0.3984375 0.090625 0.0984375
2 0.4578125 0.5453125 0.075 0.0765625
2 0.51875 0.5375 0.05 0.1
16 0.559375 0.521875 0.0625 0.103125