12 0.225 0.60625 0.0546875 0.0890625
10 0.271875 0.5984375 0.04375 0.0953125
18 0.31875 0.58125 0.034375 0.096875
29 0.36875 0.5671875 0.0546875 0.0890625
2 0.496875 0.5296875 0.0546875 0.0953125
9 0.5515625 0.5109375 0.05625 0.0921875
4 0.6078125 0.4921875 0.053125 0.1015625
6 0.665625 0.4796875 0.0546875 0.1046875
1 0.715625 0.465625 0.0453125 0.115625
8 0.778125 0.4484375 0.0640625 0.1046875
0 0.9390625 0.3984375 0.0734375 0.10625
2 0.4984375 0.6390625 0.05625 0.103125
2 0.5546875 0.625 0.0453125 0.0890625
6 0.6109375 0.6109375 0.0515625 0.103125
1 0.66875 0.5953125 0.053125 0.096875