12 0.19375 0.565625 0.08125 0.0578125
10 0.25625 0.55 0.059375 0.06875
18 0.2953125 0.5359375 0.0390625 0.0640625
29 0.33125 0.5203125 0.0640625 0.0546875
9 0.49375 0.4671875 0.0578125 0.05625
5 0.5453125 0.4515625 0.046875 0.04375
6 0.5953125 0.4375 0.05625 0.0546875
2 0.6390625 0.421875 0.05625 0.04375
5 0.6796875 0.403125 0.05625 0.046875
1 0.73125 0.3890625 0.0546875 0.046875
0 0.8421875 0.3546875 0.06875 0.046875
4 0.53125 0.534375 0.0578125 0.05625
5 0.575 0.5171875 0.0578125 0.0578125
6 0.628125 0.503125 0.0625 0.0515625
1 0.68125 0.4859375 0.0671875 0.0578125
3 0.6390625 0.678125 0.05 0.046875
2 0.671875 0.665625 0.034375 0.053125
5 0.709375 0.6515625 0.0375 0.0546875
0 0.7390625 0.640625 0.03125 0.0484375
20 0.8375 0.60625 0.0359375 0.0453125
16 0.86875 0.5921875 0.0296875 0.0375
27 0.8953125 0.5859375 0.0328125 0.04375
7 0.6609375 0.728125 0.05 0.053125
21 0.86875 0.6578125 0.040625 0.040625
11 0.89375 0.6421875 0.0359375 0.0375
27 0.928125 0.6296875 0.0453125 0.0390625
4 0.80625 0.7609375 0.0515625 0.040625
4 0.8359375 0.7484375 0.0421875 0.0453125
0 0.871875 0.7359375 0.05 0.0484375
4 0.7359375 0.703125 0.0515625 0.046875
5 0.7703125 0.690625 0.0390625 0.053125
0 0.8 0.678125 0.0390625 0.05
21 0.940625 0.7140625 0.046875 0.046875
11 0.975 0.7 0.05 0.040625