12 0.0859375 0.4109375 0.075 0.1671875
10 0.1578125 0.4078125 0.0546875 0.1609375
32 0.228125 0.4015625 0.0609375 0.1609375
29 0.2984375 0.40625 0.0671875 0.1578125
7 0.4328125 0.4125 0.0578125 0.16875
2 0.509375 0.4046875 0.0703125 0.1625
3 0.58125 0.40625 0.059375 0.165625
8 0.6515625 0.4125 0.0609375 0.16875
7 0.7171875 0.4078125 0.0578125 0.1640625
0 0.7921875 0.403125 0.0640625 0.1671875
9 0.9359375 0.409375 0.0609375 0.1484375
4 0.440625 0.60625 0.059375 0.159375
2 0.5078125 0.603125 0.065625 0.159375
16 0.5828125 0.609375 0.0671875 0.16875
1 0.65 0.60625 0.0546875 0.165625