12 0.2015625 0.6390625 0.05 0.0796875
11 0.2453125 0.6171875 0.0484375 0.0828125
17 0.2859375 0.6015625 0.0453125 0.0859375
29 0.334375 0.584375 0.0453125 0.090625
7 0.4734375 0.515625 0.0484375 0.1
0 0.521875 0.4890625 0.0421875 0.0859375
0 0.56875 0.465625 0.04375 0.0921875
7 0.609375 0.4546875 0.040625 0.0890625
1 0.659375 0.43125 0.0421875 0.0875
5 0.709375 0.409375 0.0625 0.0921875
9 0.83125 0.3546875 0.0515625 0.071875
1 0.64375 0.53125 0.04375 0.0890625
6 0.59375 0.553125 0.0453125 0.0828125
5 0.54375 0.5734375 0.040625 0.0828125
10 0.5 0.5984375 0.053125 0.071875
16 0.778125 0.671875 0.0484375 0.053125
20 0.74375 0.690625 0.0515625 0.0578125
21 0.7625 0.74375 0.046875 0.0515625
11 0.796875 0.721875 0.0328125 0.046875
0 0.6625 0.7171875 0.0359375 0.05625
0 0.634375 0.734375 0.0453125 0.046875
5 0.6015625 0.7453125 0.0453125 0.0484375
2 0.5703125 0.7609375 0.040625 0.05
3 0.534375 0.7703125 0.040625 0.040625
0 0.6828125 0.7703125 0.034375 0.040625