12 0.1578125 0.4875 0.0625 0.065625
11 0.2140625 0.484375 0.0453125 0.0609375
17 0.271875 0.48125 0.053125 0.059375
29 0.328125 0.4828125 0.053125 0.065625
8 0.4875 0.4765625 0.0515625 0.0609375
8 0.546875 0.478125 0.05 0.065625
8 0.5953125 0.478125 0.05 0.059375
8 0.6515625 0.475 0.0546875 0.05625
9 0.7046875 0.4765625 0.0515625 0.0609375
4 0.759375 0.4765625 0.05 0.0625
4 0.89375 0.4703125 0.053125 0.0578125
4 0.4953125 0.54375 0.0515625 0.065625
5 0.546875 0.5390625 0.0515625 0.05625
16 0.6015625 0.5390625 0.05625 0.059375
1 0.6609375 0.5390625 0.0515625 0.0625