12 0.078125 0.4453125 0.059375 0.0703125
11 0.140625 0.45 0.059375 0.0765625
17 0.20625 0.4515625 0.0625 0.078125
29 0.26875 0.45 0.059375 0.08125
9 0.446875 0.4625 0.065625 0.0734375
4 0.5078125 0.4625 0.053125 0.0765625
7 0.5625 0.4640625 0.05 0.078125
7 0.6171875 0.465625 0.0515625 0.0765625
4 0.678125 0.4734375 0.05625 0.0734375
1 0.734375 0.4703125 0.05625 0.08125
8 0.8671875 0.4703125 0.065625 0.0796875
4 0.45 0.5359375 0.0609375 0.0796875
5 0.5078125 0.534375 0.059375 0.075
16 0.565625 0.5359375 0.0625 0.075
1 0.6296875 0.540625 0.053125 0.078125