21 0.11875 0.578125 0.059375 0.071875
11 0.1734375 0.5625 0.04375 0.0765625
17 0.2203125 0.5515625 0.046875 0.06875
29 0.2734375 0.5359375 0.0484375 0.071875
8 0.4546875 0.4609375 0.0546875 0.0671875
9 0.515625 0.44375 0.0546875 0.0734375
9 0.575 0.4234375 0.0578125 0.075
4 0.6359375 0.4 0.05 0.0734375
8 0.7 0.3765625 0.0625 0.078125
8 0.7609375 0.365625 0.05625 0.0734375
8 0.871875 0.3296875 0.0703125 0.059375
4 0.4359375 0.546875 0.05625 0.075
5 0.503125 0.534375 0.053125 0.0875
6 0.559375 0.515625 0.0484375 0.075
1 0.61875 0.4953125 0.053125 0.0828125
16 0.7078125 0.640625 0.053125 0.0578125
22 0.6703125 0.65625 0.0359375 0.0484375