12 0.1234375 0.440625 0.0671875 0.0765625
11 0.1859375 0.4484375 0.05625 0.075
17 0.25 0.4578125 0.0625 0.0703125
29 0.3078125 0.4671875 0.0609375 0.075
8 0.475 0.490625 0.0515625 0.0765625
9 0.525 0.4984375 0.0453125 0.0625
3 0.575 0.50625 0.046875 0.06875
5 0.6234375 0.5140625 0.0515625 0.0765625
2 0.671875 0.51875 0.04375 0.075
1 0.715625 0.5296875 0.046875 0.08125
0 0.821875 0.5453125 0.059375 0.0671875
4 0.4953125 0.571875 0.05 0.0640625
5 0.546875 0.5734375 0.0484375 0.0703125
16 0.5984375 0.58125 0.05 0.0671875
1 0.653125 0.5921875 0.046875 0.0671875
22 0.028125 0.7375 0.05625 0.0875
10 0.078125 0.740625 0.0546875 0.0796875
32 0.1265625 0.740625 0.05 0.08125
16 0.190625 0.74375 0.0484375 0.0734375
26 0.2328125 0.7484375 0.0375 0.0671875
24 0.2703125 0.746875 0.0390625 0.0703125
27 0.3078125 0.746875 0.0375 0.0671875
27 0.3453125 0.7484375 0.0390625 0.065625
3 0.5140625 0.7453125 0.046875 0.0453125
2 0.553125 0.75 0.0296875 0.0609375
5 0.596875 0.75 0.0359375 0.0609375
0 0.628125 0.7546875 0.0296875 0.0484375
0 0.6578125 0.7515625 0.034375 0.059375
20 0.7390625 0.7578125 0.0359375 0.046875
16 0.775 0.75625 0.03125 0.0515625