12 0.11875 0.5203125 0.0609375 0.0578125
12 0.1765625 0.5140625 0.0609375 0.06875
21 0.234375 0.50625 0.0609375 0.071875
29 0.29375 0.4953125 0.071875 0.0640625
7 0.45 0.4640625 0.053125 0.059375
3 0.5078125 0.45625 0.0625 0.0578125
6 0.559375 0.4484375 0.059375 0.059375
8 0.609375 0.4359375 0.05625 0.0578125
8 0.6609375 0.4265625 0.0640625 0.0625
8 0.7125 0.415625 0.0578125 0.059375
8 0.8046875 0.396875 0.053125 0.05625
4 0.4796875 0.5265625 0.0578125 0.0515625
5 0.5328125 0.515625 0.05625 0.053125
16 0.5890625 0.5015625 0.065625 0.0625
1 0.6515625 0.490625 0.0671875 0.0671875
16 0.803125 0.7015625 0.0421875 0.040625
27 0.8671875 0.7296875 0.0515625 0.046875
20 0.7640625 0.715625 0.0390625 0.0515625
0 0.7265625 0.721875 0.0328125 0.046875
0 0.6921875 0.7296875 0.040625 0.0484375
5 0.653125 0.7296875 0.040625 0.046875