12 0.1703125 0.490625 0.0453125 0.0625
12 0.2203125 0.4875 0.04375 0.0625
21 0.265625 0.4890625 0.046875 0.059375
29 0.31875 0.4875 0.05625 0.05625
7 0.4671875 0.4859375 0.0421875 0.059375
3 0.515625 0.4875 0.053125 0.0640625
1 0.5625 0.4828125 0.0328125 0.0625
4 0.6078125 0.4828125 0.0453125 0.05625
9 0.6546875 0.4828125 0.0421875 0.0546875
3 0.6984375 0.478125 0.0421875 0.0625
8 0.7828125 0.4765625 0.0546875 0.0546875
4 0.475 0.55 0.046875 0.059375
5 0.5203125 0.546875 0.0515625 0.0609375
6 0.571875 0.55 0.0515625 0.065625
1 0.6203125 0.55 0.0453125 0.0671875