12 0.109375 0.55 0.046875 0.0609375
12 0.1546875 0.5421875 0.04375 0.0640625
21 0.2015625 0.534375 0.0484375 0.059375
29 0.253125 0.5265625 0.0484375 0.0640625
5 0.4015625 0.496875 0.0515625 0.0609375
1 0.4546875 0.4875 0.0375 0.0625
8 0.503125 0.48125 0.0515625 0.06875
6 0.5546875 0.471875 0.0515625 0.0671875
6 0.6078125 0.4578125 0.046875 0.0609375
2 0.6625 0.446875 0.0609375 0.0578125
5 0.7578125 0.4234375 0.053125 0.0625
4 0.4078125 0.565625 0.046875 0.065625
2 0.459375 0.559375 0.0546875 0.071875
16 0.5078125 0.5453125 0.0453125 0.0578125
1 0.5625 0.5375 0.046875 0.0671875