12 0.115625 0.44375 0.06875 0.078125
12 0.171875 0.44375 0.0484375 0.08125
21 0.225 0.44375 0.0609375 0.0859375
29 0.2890625 0.4421875 0.0609375 0.084375
7 0.484375 0.4453125 0.065625 0.0765625
3 0.5421875 0.446875 0.065625 0.08125
1 0.5984375 0.4453125 0.0515625 0.084375
4 0.659375 0.4453125 0.065625 0.096875
9 0.7203125 0.44375 0.0578125 0.0921875
3 0.7796875 0.446875 0.0625 0.0828125
6 0.8859375 0.4484375 0.0734375 0.0828125
4 0.45 0.534375 0.0625 0.0828125
5 0.5140625 0.5328125 0.065625 0.08125
16 0.5765625 0.534375 0.065625 0.08125
1 0.6421875 0.5359375 0.0578125 0.0859375