12 0.109375 0.4359375 0.0609375 0.0671875
12 0.1703125 0.4390625 0.053125 0.0703125
21 0.2234375 0.4421875 0.053125 0.071875
29 0.28125 0.446875 0.059375 0.059375
7 0.4625 0.471875 0.05 0.0671875
7 0.515625 0.48125 0.046875 0.0734375
2 0.571875 0.4875 0.05 0.0734375
7 0.621875 0.49375 0.0484375 0.0703125
8 0.675 0.4984375 0.05 0.0734375
9 0.73125 0.5046875 0.0578125 0.075
0 0.825 0.5125 0.0546875 0.0703125
4 0.4484375 0.5359375 0.046875 0.06875
5 0.5078125 0.5453125 0.0546875 0.06875
16 0.5640625 0.5484375 0.0546875 0.06875
1 0.6203125 0.5578125 0.05 0.06875