12 0.0703125 0.3796875 0.0703125 0.0828125
12 0.1328125 0.3890625 0.0625 0.0875
21 0.196875 0.40625 0.065625 0.0828125
29 0.2625 0.4109375 0.0640625 0.0828125
7 0.4625 0.45 0.059375 0.084375
7 0.5234375 0.4671875 0.0640625 0.090625
2 0.584375 0.4828125 0.0625 0.0859375
7 0.6421875 0.4875 0.0546875 0.0875
8 0.696875 0.4984375 0.053125 0.0796875
9 0.75625 0.50625 0.05625 0.0828125
9 0.8640625 0.521875 0.0625 0.0765625
4 0.45 0.5296875 0.0546875 0.0734375
5 0.509375 0.5421875 0.059375 0.0765625
16 0.5703125 0.5515625 0.0546875 0.075
1 0.634375 0.5671875 0.05625 0.075