12 0.1140625 0.4140625 0.0609375 0.0734375
12 0.175 0.4203125 0.05625 0.071875
21 0.2359375 0.4296875 0.059375 0.06875
29 0.2921875 0.4359375 0.0609375 0.06875
7 0.4625 0.4546875 0.053125 0.0625
3 0.5203125 0.4578125 0.053125 0.0625
6 0.578125 0.4640625 0.0578125 0.0734375
8 0.63125 0.46875 0.05625 0.0671875
8 0.684375 0.4734375 0.0578125 0.071875
6 0.7390625 0.4765625 0.0546875 0.071875
8 0.8328125 0.484375 0.0640625 0.06875
4 0.478125 0.521875 0.0640625 0.0671875
5 0.534375 0.525 0.0625 0.071875
16 0.59375 0.53125 0.0625 0.071875
1 0.653125 0.5375 0.05625 0.071875