12 0.0609375 0.4109375 0.0625 0.0796875
12 0.115625 0.409375 0.0609375 0.059375
21 0.1703125 0.4234375 0.05625 0.0609375
29 0.23125 0.428125 0.0671875 0.065625
7 0.4015625 0.4515625 0.05625 0.06875
9 0.4546875 0.4578125 0.053125 0.078125
0 0.5046875 0.4640625 0.0484375 0.0796875
0 0.55625 0.4671875 0.0484375 0.0734375
5 0.6078125 0.475 0.053125 0.0765625
7 0.6640625 0.4796875 0.0625 0.078125
8 0.753125 0.4984375 0.0609375 0.0703125
4 0.4171875 0.5265625 0.05 0.078125
5 0.46875 0.5296875 0.0578125 0.0796875
16 0.5234375 0.5359375 0.0640625 0.0765625
1 0.58125 0.540625 0.0421875 0.0703125