12 0.0375 0.4890625 0.071875 0.096875
12 0.0953125 0.4796875 0.0703125 0.096875
21 0.1453125 0.478125 0.0625 0.096875
29 0.209375 0.4671875 0.075 0.084375
5 0.403125 0.446875 0.065625 0.0890625
2 0.46875 0.4453125 0.0625 0.1015625
6 0.5328125 0.4421875 0.059375 0.1015625
5 0.5921875 0.4296875 0.05625 0.090625
4 0.653125 0.4265625 0.053125 0.0984375
8 0.715625 0.4234375 0.0671875 0.1046875
9 0.834375 0.4109375 0.071875 0.1078125
4 0.371875 0.5671875 0.0671875 0.1046875
2 0.440625 0.5671875 0.059375 0.1109375
16 0.5046875 0.5625 0.06875 0.1109375
1 0.56875 0.5578125 0.059375 0.10625