12 0.2421875 0.5734375 0.046875 0.0703125
21 0.2796875 0.5625 0.0359375 0.0671875
17 0.31875 0.5453125 0.0421875 0.0671875
29 0.359375 0.528125 0.0421875 0.0578125
3 0.4890625 0.484375 0.0390625 0.0734375
4 0.5296875 0.4671875 0.0359375 0.0703125
5 0.56875 0.45625 0.034375 0.0765625
3 0.6109375 0.4421875 0.0390625 0.06875
6 0.653125 0.425 0.040625 0.0796875
7 0.69375 0.409375 0.040625 0.0703125
7 0.821875 0.359375 0.040625 0.084375
2 0.5015625 0.5640625 0.0421875 0.0734375
2 0.5390625 0.5515625 0.0421875 0.0703125
16 0.5828125 0.534375 0.0453125 0.0703125
1 0.6234375 0.5234375 0.0375 0.08125