22 0.078125 0.3765625 0.0984375 0.284375
14 0.15 0.3640625 0.0515625 0.2390625
13 0.2109375 0.3625 0.0609375 0.225
29 0.2734375 0.3640625 0.0703125 0.228125
2 0.4859375 0.3734375 0.075 0.2046875
4 0.559375 0.38125 0.065625 0.2140625
8 0.621875 0.378125 0.06875 0.2203125
4 0.690625 0.375 0.0703125 0.2140625
3 0.7578125 0.384375 0.0640625 0.215625
8 0.821875 0.384375 0.065625 0.2109375
1 0.9375 0.3921875 0.078125 0.21875
2 0.4921875 0.65 0.075 0.2125
2 0.559375 0.6515625 0.065625 0.2171875
16 0.628125 0.653125 0.0703125 0.215625
1 0.6953125 0.6515625 0.05625 0.221875