24 0.06875 0.353125 0.075 0.2578125
24 0.13125 0.3421875 0.05625 0.2546875
21 0.1921875 0.34375 0.0625 0.2609375
29 0.2578125 0.3390625 0.0765625 0.2625
9 0.45625 0.3359375 0.0828125 0.2671875
6 0.53125 0.3421875 0.0546875 0.2671875
0 0.5953125 0.3421875 0.0671875 0.28125
2 0.665625 0.3421875 0.0671875 0.2828125
4 0.728125 0.34375 0.0625 0.271875
7 0.796875 0.34375 0.078125 0.3
5 0.9515625 0.3484375 0.0953125 0.2890625
4 0.4734375 0.65 0.084375 0.2828125
5 0.5390625 0.659375 0.0625 0.2734375
16 0.603125 0.6625 0.06875 0.271875
1 0.66875 0.6640625 0.059375 0.284375