12 0.1453125 0.4078125 0.05625 0.0671875
27 0.1921875 0.4125 0.04375 0.059375
12 0.2453125 0.4203125 0.05 0.0609375
29 0.2921875 0.4265625 0.053125 0.0625
3 0.453125 0.45625 0.04375 0.0578125
0 0.503125 0.459375 0.04375 0.0546875
1 0.55625 0.471875 0.0359375 0.059375
8 0.6 0.4796875 0.0375 0.05625
0 0.6515625 0.484375 0.04375 0.0609375
6 0.7046875 0.496875 0.0546875 0.06875
2 0.825 0.509375 0.0546875 0.065625
2 0.44375 0.5140625 0.0546875 0.0625
2 0.496875 0.5234375 0.059375 0.0703125
16 0.5515625 0.5328125 0.05625 0.0734375
1 0.6015625 0.5375 0.0375 0.05
26 0.1875 0.7 0.0578125 0.071875
16 0.1328125 0.69375 0.065625 0.071875
32 0.0625 0.684375 0.075 0.0796875
10 0.015625 0.675 0.03125 0.071875