16 0.025 0.7125 0.0484375 0.0515625
26 0.0578125 0.7296875 0.046875 0.0515625
24 0.0921875 0.7453125 0.04375 0.05
27 0.1203125 0.7609375 0.046875 0.046875
27 0.153125 0.7703125 0.0546875 0.040625
12 0.1796875 0.2984375 0.075 0.075
27 0.23125 0.328125 0.0703125 0.0734375
21 0.2734375 0.3609375 0.0515625 0.0765625
29 0.334375 0.38125 0.078125 0.0953125
6 0.484375 0.465625 0.05625 0.0859375
0 0.5375 0.490625 0.059375 0.0734375
2 0.5859375 0.5203125 0.0625 0.0796875
9 0.6359375 0.5421875 0.0640625 0.0765625
4 0.684375 0.571875 0.0625 0.0734375
9 0.7359375 0.5921875 0.0671875 0.08125
4 0.825 0.640625 0.0703125 0.078125
4 0.45 0.5421875 0.0609375 0.075
5 0.503125 0.565625 0.065625 0.0734375
16 0.559375 0.596875 0.0609375 0.0796875
1 0.609375 0.6203125 0.059375 0.084375