12 0.1484375 0.5515625 0.0578125 0.08125
27 0.20625 0.546875 0.05625 0.0703125
21 0.2578125 0.5421875 0.05 0.0765625
29 0.31875 0.53125 0.0640625 0.075
2 0.5046875 0.509375 0.075 0.08125
3 0.571875 0.5015625 0.0546875 0.075
4 0.634375 0.49375 0.065625 0.0875
7 0.69375 0.4828125 0.0546875 0.08125
6 0.7609375 0.4765625 0.0578125 0.0734375
1 0.8328125 0.465625 0.053125 0.0875
9 0.940625 0.4453125 0.071875 0.071875
2 0.5078125 0.5859375 0.0625 0.0796875
2 0.56875 0.58125 0.0625 0.084375
16 0.6328125 0.571875 0.071875 0.0828125
1 0.7046875 0.5625 0.0578125 0.0953125