12 0.1703125 0.3546875 0.059375 0.075
27 0.2234375 0.36875 0.0484375 0.078125
21 0.271875 0.3921875 0.0484375 0.075
29 0.328125 0.4046875 0.0703125 0.0734375
6 0.4890625 0.4765625 0.053125 0.0640625
0 0.540625 0.4984375 0.053125 0.078125
8 0.590625 0.5078125 0.0515625 0.0734375
4 0.6421875 0.5328125 0.0546875 0.078125
3 0.6875 0.54375 0.0453125 0.075
6 0.734375 0.5609375 0.0515625 0.0734375
2 0.8265625 0.59375 0.05625 0.0765625
4 0.48125 0.5390625 0.046875 0.0671875
6 0.534375 0.5625 0.0546875 0.0734375
16 0.5859375 0.5765625 0.0515625 0.071875
1 0.640625 0.5953125 0.0546875 0.071875
16 0.1390625 0.71875 0.034375 0.053125
26 0.178125 0.728125 0.0359375 0.05625
32 0.028125 0.6828125 0.05625 0.0609375