12 0.1796875 0.4671875 0.0515625 0.059375
27 0.228125 0.4671875 0.0515625 0.0609375
23 0.2796875 0.4703125 0.053125 0.0625
29 0.328125 0.475 0.05 0.0578125
8 0.48125 0.48125 0.053125 0.0515625
1 0.534375 0.484375 0.0359375 0.059375
3 0.5796875 0.4859375 0.053125 0.059375
4 0.63125 0.484375 0.05 0.0671875
8 0.68125 0.4890625 0.0453125 0.0609375
4 0.7390625 0.49375 0.0546875 0.059375
0 0.8296875 0.4984375 0.05625 0.0640625
4 0.48125 0.54375 0.0515625 0.06875
5 0.528125 0.540625 0.0421875 0.05625
6 0.58125 0.5484375 0.05 0.0578125
1 0.6359375 0.55 0.040625 0.0578125