12 0.16875 0.5453125 0.0453125 0.0640625
27 0.2109375 0.540625 0.04375 0.0703125
23 0.2515625 0.5328125 0.040625 0.0734375
29 0.2953125 0.525 0.0484375 0.0734375
6 0.4234375 0.5046875 0.0484375 0.0734375
3 0.4703125 0.496875 0.040625 0.071875
0 0.5109375 0.4875 0.0359375 0.078125
2 0.5578125 0.484375 0.0390625 0.0875
4 0.603125 0.475 0.0453125 0.08125
1 0.65 0.4703125 0.0375 0.0765625
4 0.725 0.446875 0.053125 0.0828125
4 0.4140625 0.5890625 0.04375 0.0734375
5 0.4578125 0.5828125 0.040625 0.071875
16 0.5015625 0.578125 0.05 0.0796875
1 0.5515625 0.56875 0.0359375 0.08125