12 0.159375 0.5140625 0.0609375 0.0625
27 0.2140625 0.503125 0.0578125 0.0671875
23 0.265625 0.4890625 0.0625 0.065625
29 0.3203125 0.4796875 0.0546875 0.075
8 0.490625 0.4421875 0.0609375 0.0515625
5 0.54375 0.434375 0.065625 0.059375
1 0.596875 0.421875 0.046875 0.0625
0 0.6421875 0.4078125 0.059375 0.053125
9 0.69375 0.4015625 0.0671875 0.065625
8 0.7421875 0.3859375 0.0671875 0.0609375
9 0.828125 0.3625 0.065625 0.0625
4 0.5234375 0.4984375 0.0671875 0.0625
5 0.575 0.4875 0.065625 0.059375
16 0.6265625 0.4765625 0.075 0.0578125
1 0.690625 0.465625 0.0625 0.0640625
20 0.846875 0.66875 0.0546875 0.0453125
16 0.8890625 0.659375 0.05 0.0484375
21 0.8734375 0.70625 0.053125 0.04375
11 0.903125 0.696875 0.0484375 0.04375
27 0.9359375 0.6859375 0.046875 0.0421875
0 0.7984375 0.6796875 0.0265625 0.046875
0 0.7640625 0.6890625 0.03125 0.0453125
6 0.7296875 0.6984375 0.0375 0.0515625
2 0.6828125 0.7125 0.034375 0.0453125
3 0.646875 0.7171875 0.046875 0.0546875
0 0.8171875 0.7171875 0.0421875 0.0453125
6 0.7859375 0.7203125 0.0359375 0.0484375
8 0.746875 0.7296875 0.040625 0.0328125