12 0.1171875 0.44375 0.0609375 0.0703125
27 0.1796875 0.45 0.05625 0.0625
23 0.2375 0.4546875 0.053125 0.0609375
29 0.2984375 0.459375 0.0578125 0.0625
7 0.478125 0.478125 0.04375 0.0625
5 0.5390625 0.4828125 0.05 0.065625
3 0.59375 0.490625 0.0515625 0.06875
3 0.6515625 0.4953125 0.0515625 0.0640625
1 0.7078125 0.5015625 0.0375 0.0703125
0 0.7625 0.5109375 0.0578125 0.075
5 0.859375 0.515625 0.0671875 0.0796875
4 0.48125 0.553125 0.0609375 0.0765625
5 0.540625 0.559375 0.0546875 0.0734375
16 0.6015625 0.5640625 0.0578125 0.071875
1 0.665625 0.5703125 0.0515625 0.0671875