12 0.2203125 0.559375 0.05 0.078125
27 0.259375 0.54375 0.04375 0.075
23 0.303125 0.5296875 0.0515625 0.0765625
29 0.3453125 0.51875 0.0453125 0.075
7 0.484375 0.465625 0.04375 0.071875
6 0.528125 0.45 0.0453125 0.0734375
4 0.571875 0.434375 0.046875 0.071875
4 0.6140625 0.4171875 0.05 0.0828125
4 0.659375 0.4015625 0.0421875 0.0734375
5 0.709375 0.3890625 0.0578125 0.0734375
4 0.7890625 0.35625 0.0671875 0.0890625
4 0.4921875 0.5390625 0.053125 0.0765625
5 0.5359375 0.5265625 0.0546875 0.075
16 0.5828125 0.50625 0.05 0.071875
1 0.63125 0.49375 0.05 0.078125