12 0.2125 0.4390625 0.05625 0.0734375
27 0.2703125 0.4390625 0.046875 0.0734375
23 0.321875 0.4359375 0.0578125 0.078125
29 0.378125 0.4328125 0.0515625 0.0640625
8 0.528125 0.440625 0.0515625 0.06875
0 0.5828125 0.434375 0.0546875 0.075
6 0.6421875 0.4375 0.05625 0.071875
2 0.6984375 0.4390625 0.0515625 0.0734375
2 0.753125 0.4359375 0.0515625 0.0796875
2 0.80625 0.4265625 0.0609375 0.075
5 0.9609375 0.43125 0.071875 0.06875
4 0.5296875 0.5203125 0.0546875 0.0625
5 0.584375 0.51875 0.05 0.06875
16 0.6421875 0.5171875 0.0578125 0.06875
1 0.7 0.5203125 0.0515625 0.0828125