12 0.1125 0.4171875 0.059375 0.0796875
27 0.16875 0.421875 0.0578125 0.084375
23 0.2265625 0.4203125 0.059375 0.0921875
29 0.284375 0.421875 0.05625 0.0890625
7 0.4609375 0.4296875 0.059375 0.0765625
5 0.5234375 0.43125 0.0640625 0.0828125
4 0.58125 0.4328125 0.0515625 0.078125
4 0.634375 0.43125 0.0546875 0.0890625
4 0.690625 0.434375 0.05 0.08125
5 0.74375 0.434375 0.065625 0.08125
4 0.846875 0.4421875 0.075 0.090625
4 0.4671875 0.5234375 0.0609375 0.084375
5 0.5234375 0.51875 0.05625 0.0796875
6 0.584375 0.521875 0.0625 0.0859375
1 0.640625 0.51875 0.04375 0.0734375