12 0.128125 0.5234375 0.05625 0.084375
27 0.1875 0.5203125 0.0421875 0.0671875
23 0.240625 0.515625 0.0578125 0.06875
29 0.3015625 0.50625 0.05625 0.0734375
8 0.46875 0.4875 0.0546875 0.0640625
4 0.528125 0.48125 0.0484375 0.065625
5 0.5859375 0.471875 0.0546875 0.06875
9 0.64375 0.4671875 0.053125 0.0703125
8 0.7046875 0.4625 0.05625 0.06875
1 0.765625 0.45625 0.0421875 0.071875
1 0.875 0.440625 0.046875 0.0734375
4 0.478125 0.559375 0.05625 0.0765625
5 0.5390625 0.553125 0.05625 0.0734375
6 0.6 0.5484375 0.0640625 0.075
1 0.6640625 0.54375 0.046875 0.078125