13 0.115625 0.4609375 0.0671875 0.0640625
15 0.1765625 0.4625 0.0546875 0.059375
27 0.23125 0.4625 0.0515625 0.0703125
29 0.2828125 0.4578125 0.053125 0.0703125
1 0.4640625 0.4578125 0.0453125 0.065625
7 0.56875 0.45625 0.053125 0.0625
9 0.6234375 0.45625 0.059375 0.065625
3 0.6796875 0.4546875 0.0546875 0.06875
1 0.7375 0.4546875 0.0546875 0.0671875
6 0.884375 0.4484375 0.071875 0.0703125
2 0.4640625 0.5234375 0.053125 0.065625
2 0.525 0.528125 0.053125 0.0609375
16 0.58125 0.525 0.05625 0.065625
1 0.640625 0.525 0.053125 0.06875