13 0.084375 0.440625 0.0609375 0.0671875
15 0.146875 0.44375 0.059375 0.0703125
27 0.2046875 0.446875 0.05625 0.065625
29 0.265625 0.4546875 0.053125 0.0734375
1 0.4359375 0.4578125 0.034375 0.0640625
9 0.4953125 0.4625 0.053125 0.06875
9 0.5578125 0.465625 0.05625 0.059375
4 0.615625 0.46875 0.0453125 0.0640625
6 0.6734375 0.4734375 0.0546875 0.0703125
2 0.734375 0.4765625 0.059375 0.0609375
7 0.896875 0.48125 0.0625 0.059375
2 0.4484375 0.53125 0.0625 0.0640625
2 0.5109375 0.5375 0.05625 0.0640625
16 0.571875 0.5421875 0.0578125 0.0625
1 0.634375 0.54375 0.0390625 0.06875