11 0.1031202234375 0.630041359375 0.1663504609375 0.5991726828124999 0.11685053593750001 0.494883740625 0.058389012500000004 0.5258846453125 0.0595875890625 0.5253685296875 0.1031202234375 0.630041359375
18 0.16839785000000002 0.5958200812500001 0.19686936875 0.5843674921875001 0.1527609046875 0.481823096875 0.12789364375 0.4961121765625 0.1288490953125 0.4962358734375 0.16839785000000002 0.5958200812500001
12 0.21452811249999998 0.5922414125000001 0.272631340625 0.554829625 0.2208536921875 0.45304020468750006 0.1598457296875 0.47979277031249995 0.15942345625 0.4798567484375 0.21452811249999998 0.5922414125000001
29 0.2988507296875 0.557973221875 0.3638767015625 0.5209282515625 0.3165478625 0.42070850000000004 0.25727668124999997 0.45208196406249995 0.2988507296875 0.557973221875
1 0.4764021203125 0.4924482015625 0.4251320578125 0.3945402921875 0.3843633984375 0.41215637968749996 0.429094609375 0.51075101875 0.4764021203125 0.4924482015625
2 0.432408821875 0.39031755 0.486208265625 0.4970505625 0.53348165625 0.46671079843749996 0.48326087968750003 0.36521995625 0.43034436875 0.388193384375 0.43205906250000004 0.39633175781249996 0.432408821875 0.39031755
3 0.5926725609375 0.43936107656249995 0.543104390625 0.3442470015625 0.490281721875 0.367386778125 0.538002975 0.4692743015625 0.5926725609375 0.43936107656249995
1 0.6550497171874999 0.431568196875 0.60225264375 0.32388826718749997 0.564597721875 0.35149391093750004 0.6143450421875001 0.45437100625 0.6550497171874999 0.431568196875
5 0.7092074562499999 0.4016720359375 0.65589853125 0.3064427953125 0.6102630546875 0.32422096875 0.6576942609375 0.4305573015625 0.7092074562499999 0.4016720359375
6 0.7742632828125 0.3795986078125 0.7219695234375 0.28366984375 0.66880135625 0.30936885625 0.7110714312499999 0.41177249531250004 0.7742632828125 0.3795986078125
5 0.8960360828124999 0.326396321875 0.83945133125 0.2388917109375 0.7829220375 0.27347981093749996 0.8328911531250001 0.3650066875 0.8960360828124999 0.326396321875
2 0.4290611328125 0.534398296875 0.475446671875 0.6311802171875 0.5398968125 0.6018300265625001 0.4934637046875 0.50767993125 0.4290611328125 0.534398296875
2 0.594894834375 0.5801063625 0.54031055625 0.48124727187499994 0.4946494859375 0.5071552890625 0.5413939671875 0.6124508609375 0.594894834375 0.5801063625
29 0.5984905609375 0.58729781875 0.6575790953125 0.558199284375 0.61004551875 0.4629103296875 0.551692975 0.4881851015625 0.5984905609375 0.58729781875
8 0.669441165625 0.559982221875 0.72769795 0.52945904375 0.67640655625 0.4361364375 0.6207900546875 0.45555678593750004 0.6191308125 0.4591098609375 0.669441165625 0.559982221875