11 0.06875 0.4203125 0.0859375 0.1546875
18 0.128125 0.4234375 0.0359375 0.1484375
12 0.2 0.4234375 0.09375 0.15
29 0.2984375 0.425 0.090625 0.1390625
1 0.4296875 0.4265625 0.0671875 0.13125
2 0.5046875 0.425 0.078125 0.13125
3 0.575 0.425 0.075 0.134375
4 0.646875 0.425 0.0734375 0.140625
5 0.715625 0.428125 0.065625 0.134375
6 0.7828125 0.41875 0.0765625 0.1328125
5 0.91875 0.4234375 0.0953125 0.146875
2 0.446875 0.565625 0.0875 0.1359375
2 0.5203125 0.5671875 0.065625 0.1375
29 0.5890625 0.5640625 0.0734375 0.134375
8 0.6765625 0.5671875 0.1 0.1390625