15 0.634375 0.1078125 0.065625 0.065625
11 0.6203125 0.1671875 0.075 0.065625
18 0.60625 0.2296875 0.0578125 0.06875
29 0.5921875 0.29375 0.0546875 0.06875
2 0.7296875 0.428125 0.0421875 0.05625
11 0.7265625 0.4828125 0.0484375 0.059375
12 0.7359375 0.6203125 0.0484375 0.0671875
3 0.6921875 0.6890625 0.046875 0.059375
3 0.73125 0.684375 0.0359375 0.05
0 0.571875 0.3765625 0.06875 0.0828125
1 0.553125 0.45 0.0828125 0.08125
1 0.5359375 0.5203125 0.071875 0.0796875
8 0.5140625 0.59375 0.0671875 0.0875
0 0.496875 0.6671875 0.071875 0.0828125
1 0.475 0.746875 0.0578125 0.0890625
2 0.4421875 0.86875 0.0734375 0.109375