2 0.5546875 0.2640625 0.0359375 0.0640625
9 0.56875 0.325 0.0453125 0.0515625
6 0.5921875 0.2890625 0.046875 0.065625
12 0.6296875 0.4671875 0.0546875 0.0671875
3 0.6234375 0.5640625 0.0390625 0.05625
3 0.64375 0.5453125 0.028125 0.0578125
12 0.6234375 0.95625 0.046875 0.0859375
10 0.646875 0.9515625 0.0234375 0.090625
1 0.5421875 0.06875 0.0453125 0.0578125
16 0.525 0.01875 0.0390625 0.0359375
3 0.534375 0.853125 0.05625 0.1453125
0 0.51875 0.7234375 0.046875 0.1078125
9 0.5015625 0.63125 0.0484375 0.109375
9 0.4984375 0.5546875 0.04375 0.090625
7 0.484375 0.4796875 0.0484375 0.0953125
3 0.475 0.415625 0.034375 0.0828125
3 0.465625 0.3453125 0.0421875 0.0859375
29 0.453125 0.259375 0.0359375 0.0828125
10 0.446875 0.2109375 0.034375 0.075
15 0.4390625 0.103125 0.0671875 0.071875
15 0.4421875 0.159375 0.090625 0.06875