25 0.1171875 0.2859375 0.096875 0.1796875
27 0.18125 0.2921875 0.0796875 0.1765625
27 0.2453125 0.29375 0.0765625 0.184375
0 0.30625 0.3 0.0859375 0.1875
4 0.484375 0.3125 0.090625 0.184375
6 0.5453125 0.325 0.0765625 0.2
3 0.60625 0.3328125 0.0765625 0.20625
3 0.6578125 0.334375 0.0921875 0.20625
7 0.7171875 0.34375 0.09375 0.203125
7 0.7734375 0.346875 0.0796875 0.2078125
0 0.9390625 0.36875 0.084375 0.2015625
4 0.45 0.56875 0.075 0.196875
2 0.50625 0.571875 0.0578125 0.19375
6 0.565625 0.571875 0.06875 0.2015625
1 0.625 0.596875 0.075 0.196875