25 0.075 0.3703125 0.0765625 0.2171875
27 0.1515625 0.3453125 0.0625 0.221875
27 0.20625 0.334375 0.065625 0.25
29 0.2671875 0.3359375 0.075 0.2234375
4 0.45 0.29375 0.0828125 0.1984375
6 0.509375 0.29375 0.05625 0.2171875
8 0.565625 0.2703125 0.0859375 0.2015625
3 0.61875 0.26875 0.06875 0.2296875
7 0.6734375 0.2609375 0.06875 0.2140625
7 0.7375 0.2625 0.0703125 0.2171875
8 0.903125 0.246875 0.1421875 0.1875
4 0.4828125 0.540625 0.0671875 0.228125
2 0.5390625 0.525 0.05625 0.1984375
6 0.603125 0.521875 0.0671875 0.203125
1 0.65625 0.5328125 0.0546875 0.2109375