14 0.0796875 0.5703125 0.0765625 0.0859375
12 0.1484375 0.5609375 0.0640625 0.071875
22 0.2171875 0.553125 0.078125 0.0828125
29 0.2953125 0.5359375 0.0703125 0.0828125
2 0.503125 0.5109375 0.059375 0.0703125
5 0.5796875 0.5015625 0.065625 0.078125
0 0.659375 0.490625 0.0625 0.0734375
5 0.7359375 0.478125 0.059375 0.075
9 0.8203125 0.4671875 0.0625 0.08125
4 0.9046875 0.453125 0.075 0.08125
2 0.496875 0.5859375 0.071875 0.0765625
2 0.578125 0.58125 0.0640625 0.0828125
29 0.6546875 0.56875 0.065625 0.078125
1 0.7421875 0.5640625 0.05 0.084375