24 0.0921875 0.65 0.059375 0.115625
24 0.15625 0.6421875 0.0671875 0.1265625
12 0.21875 0.628125 0.05625 0.1171875
29 0.2765625 0.575 0.0546875 0.13125
7 0.3796875 0.5234375 0.0609375 0.1140625
3 0.45 0.5109375 0.04375 0.109375
7 0.509375 0.4640625 0.0546875 0.109375
0 0.5640625 0.4234375 0.0640625 0.121875
2 0.6421875 0.409375 0.0609375 0.1234375
0 0.7171875 0.3890625 0.0609375 0.121875
3 0.846875 0.2921875 0.059375 0.11875
4 0.3625 0.6421875 0.06875 0.1140625
5 0.428125 0.6328125 0.05625 0.1171875
16 0.4875 0.59375 0.05625 0.121875
1 0.5515625 0.5453125 0.04375 0.115625
2 0.64375 0.78125 0.040625 0.0703125
9 0.6890625 0.7671875 0.0328125 0.065625