21 0.06875 0.3515625 0.0828125 0.346875
30 0.1421875 0.3375 0.0703125 0.3421875
22 0.2140625 0.334375 0.0671875 0.365625
29 0.284375 0.3140625 0.0640625 0.3640625
0 0.4234375 0.28125 0.0890625 0.353125
1 0.496875 0.2703125 0.0578125 0.359375
8 0.5703125 0.2609375 0.075 0.3390625
1 0.6453125 0.2546875 0.0625 0.346875
3 0.7171875 0.253125 0.0734375 0.3625
8 0.7890625 0.2484375 0.065625 0.3609375
0 0.915625 0.1984375 0.10625 0.3625
2 0.425 0.740625 0.0890625 0.3375
2 0.50625 0.7390625 0.065625 0.3296875
6 0.578125 0.734375 0.078125 0.346875
2 0.653125 0.7265625 0.0734375 0.35