23 0.63125 0.10625 0.0703125 0.08125
21 0.6125 0.1703125 0.0609375 0.0546875
21 0.5890625 0.2328125 0.0578125 0.078125
29 0.58125 0.3 0.0671875 0.075
2 0.5515625 0.3828125 0.0578125 0.0828125
0 0.5328125 0.453125 0.0625 0.0671875
3 0.5109375 0.5234375 0.0546875 0.0765625
9 0.4875 0.5984375 0.0546875 0.0765625
5 0.46875 0.6796875 0.0578125 0.0875
4 0.4484375 0.7546875 0.075 0.084375
8 0.409375 0.878125 0.071875 0.109375
8 0.65625 0.6140625 0.040625 0.05625
7 0.6953125 0.6109375 0.03125 0.0578125
12 0.70625 0.5484375 0.040625 0.059375
18 0.6578125 0.546875 0.0375 0.0671875
2 0.71875 0.3359375 0.028125 0.053125
8 0.70625 0.384375 0.034375 0.05625
6 0.7359375 0.3796875 0.025 0.0484375
5 0.7359375 0.3296875 0.025 0.05625