24 0.090625 0.678125 0.04375 0.065625
24 0.128125 0.64375 0.0453125 0.0828125
21 0.209375 0.6375 0.046875 0.075
29 0.2515625 0.5921875 0.046875 0.078125
0 0.384375 0.5375 0.0515625 0.071875
5 0.484375 0.525 0.0515625 0.0640625
1 0.540625 0.475 0.040625 0.071875
1 0.6484375 0.4609375 0.0421875 0.06875
1 0.7140625 0.40625 0.0421875 0.0734375
3 0.83125 0.3859375 0.06875 0.0953125
7 0.9125 0.321875 0.0640625 0.10625
1 0.646875 0.525 0.0546875 0.0796875
16 0.5375 0.54375 0.046875 0.0796875
2 0.4765625 0.5890625 0.05625 0.08125
2 0.3734375 0.6078125 0.0625 0.0796875