12 0.1328125 0.4734375 0.090625 0.165625
27 0.1859375 0.4609375 0.0890625 0.16875
18 0.234375 0.4453125 0.090625 0.1671875
29 0.2890625 0.428125 0.103125 0.1734375
2 0.459375 0.3875 0.090625 0.1765625
0 0.5125 0.375 0.0734375 0.165625
0 0.5609375 0.3625 0.0828125 0.1625
0 0.621875 0.3484375 0.078125 0.165625
7 0.659375 0.3453125 0.0890625 0.1765625
7 0.715625 0.31875 0.103125 0.1828125
1 0.8484375 0.2828125 0.109375 0.2
1 0.6953125 0.5734375 0.09375 0.165625
16 0.6375 0.5875 0.0921875 0.16875
2 0.5859375 0.6015625 0.1 0.1765625
2 0.5359375 0.6140625 0.103125 0.18125