25 0.10625 0.3625 0.0734375 0.159375
24 0.1828125 0.3625 0.0546875 0.1578125
12 0.2453125 0.3625 0.0546875 0.153125
29 0.309375 0.3546875 0.0578125 0.153125
1 0.43125 0.359375 0.0546875 0.15625
2 0.496875 0.3578125 0.0625 0.1578125
2 0.5625 0.3546875 0.05625 0.15
2 0.628125 0.353125 0.065625 0.1546875
3 0.69375 0.35625 0.05 0.153125
1 0.759375 0.353125 0.0484375 0.1578125
8 0.8859375 0.3515625 0.0546875 0.140625
4 0.121875 0.603125 0.0671875 0.1515625
2 0.1828125 0.6015625 0.0515625 0.1390625
16 0.246875 0.6078125 0.0625 0.1421875
1 0.3125 0.6015625 0.0453125 0.146875