25 0.0984375 0.36875 0.04375 0.13125
24 0.1609375 0.3703125 0.053125 0.125
23 0.21875 0.371875 0.053125 0.128125
29 0.28125 0.36875 0.0515625 0.128125
0 0.396875 0.3640625 0.04375 0.1234375
2 0.4609375 0.3671875 0.053125 0.13125
1 0.5234375 0.3640625 0.0484375 0.1375
7 0.5828125 0.3625 0.04375 0.140625
3 0.6390625 0.3640625 0.0484375 0.134375
9 0.703125 0.3625 0.0546875 0.1359375
4 0.821875 0.3578125 0.0453125 0.125
2 0.4046875 0.6015625 0.0453125 0.125
2 0.459375 0.596875 0.05 0.1265625
16 0.5234375 0.596875 0.0546875 0.1265625
1 0.5828125 0.5953125 0.0375 0.134375