25 0.1078125 0.45625 0.071875 0.13125
24 0.175 0.44375 0.0671875 0.128125
23 0.2328125 0.4359375 0.0765625 0.125
29 0.2890625 0.415625 0.078125 0.115625
1 0.39375 0.4015625 0.0625 0.121875
7 0.434375 0.3890625 0.0609375 0.1140625
0 0.49375 0.378125 0.065625 0.128125
4 0.55 0.3609375 0.0625 0.121875
8 0.6015625 0.3515625 0.059375 0.128125
1 0.6609375 0.3453125 0.0671875 0.13125
7 0.7546875 0.315625 0.0671875 0.13125
4 0.4546875 0.6015625 0.075 0.134375
2 0.515625 0.59375 0.0640625 0.121875
16 0.5671875 0.58125 0.0625 0.121875
1 0.6234375 0.56875 0.0703125 0.125