25 0.1078125 0.4875 0.0640625 0.153125
24 0.171875 0.4671875 0.0625 0.153125
23 0.2328125 0.453125 0.065625 0.1578125
29 0.2953125 0.4359375 0.0640625 0.153125
7 0.4125 0.4015625 0.0578125 0.14375
1 0.48125 0.384375 0.0578125 0.146875
0 0.540625 0.3640625 0.0609375 0.146875
8 0.5984375 0.3484375 0.059375 0.1390625
4 0.6609375 0.328125 0.0609375 0.146875
8 0.7234375 0.3171875 0.0703125 0.14375
2 0.8453125 0.275 0.071875 0.1546875
4 0.4453125 0.5734375 0.0640625 0.1453125
5 0.50625 0.5609375 0.0703125 0.140625
16 0.5671875 0.5375 0.0578125 0.159375
1 0.628125 0.5171875 0.0578125 0.146875