28 0.5703125 0.125 0.071875 0.0828125
26 0.5578125 0.1875 0.0640625 0.065625
17 0.5484375 0.25 0.0625 0.071875
29 0.5359375 0.3125 0.0671875 0.065625
5 0.521875 0.3921875 0.0578125 0.0828125
9 0.5078125 0.4703125 0.071875 0.0828125
6 0.4953125 0.5296875 0.0640625 0.0671875
2 0.484375 0.6078125 0.0640625 0.0890625
6 0.471875 0.6734375 0.06875 0.0734375
2 0.4546875 0.753125 0.0546875 0.0921875
3 0.434375 0.8765625 0.0671875 0.1125
8 0.6453125 0.56875 0.046875 0.0625
7 0.68125 0.5546875 0.0390625 0.0640625