27 0.090625 0.4203125 0.109375 0.1296875
20 0.1828125 0.40625 0.1 0.128125
21 0.2703125 0.3921875 0.0984375 0.125
29 0.3609375 0.3734375 0.096875 0.1234375
2 0.115625 0.553125 0.10625 0.1265625
1 0.203125 0.53125 0.065625 0.1296875
0 0.284375 0.5140625 0.103125 0.1296875
0 0.378125 0.496875 0.0953125 0.1171875
8 0.6171875 0.44375 0.096875 0.125
0 0.7078125 0.428125 0.0890625 0.125
2 0.878125 0.3953125 0.1140625 0.134375
2 0.6125 0.5578125 0.0640625 0.084375
2 0.675 0.54375 0.05625 0.0875
16 0.740625 0.5296875 0.0671875 0.0875
1 0.8 0.51875 0.04375 0.0890625
3 0.60625 0.6390625 0.040625 0.05
0 0.6421875 0.6296875 0.034375 0.053125
4 0.6875 0.621875 0.0390625 0.053125
8 0.7234375 0.6140625 0.0328125 0.05
0 0.7546875 0.60625 0.0296875 0.046875
20 0.8390625 0.59375 0.0375 0.046875
16 0.8765625 0.5875 0.034375 0.0578125
27 0.909375 0.575 0.0375 0.059375
28 0.4046875 0.7 0.0515625 0.0671875
31 0.3453125 0.696875 0.071875 0.0859375
16 0.6109375 0.684375 0.040625 0.05
7 0.6484375 0.6765625 0.0265625 0.0484375
2 0.7 0.6703125 0.034375 0.053125
0 0.734375 0.6625 0.034375 0.05
0 0.7640625 0.65625 0.0328125 0.0515625
21 0.84375 0.640625 0.0390625 0.05
11 0.88125 0.6328125 0.0328125 0.0546875
27 0.9171875 0.6265625 0.034375 0.059375
11 0.8765625 0.71875 0.0328125 0.0421875
27 0.9078125 0.715625 0.034375 0.0515625