27 0.0765625 0.39375 0.0921875 0.1234375
20 0.1734375 0.3953125 0.09375 0.1265625
21 0.26875 0.39375 0.09375 0.1234375
29 0.3640625 0.39375 0.1015625 0.1234375
2 0.08125 0.521875 0.1046875 0.125
1 0.178125 0.5171875 0.0734375 0.1328125
0 0.2640625 0.5171875 0.0984375 0.128125
0 0.3609375 0.5171875 0.090625 0.125
8 0.6140625 0.5078125 0.0953125 0.128125
0 0.7109375 0.5109375 0.0953125 0.1328125
2 0.8921875 0.5015625 0.0921875 0.125
2 0.5921875 0.61875 0.071875 0.0796875
2 0.6625 0.6203125 0.065625 0.0765625
16 0.7296875 0.6171875 0.0640625 0.0875
1 0.790625 0.6140625 0.0484375 0.075