27 0.0984375 0.3765625 0.0890625 0.1375
20 0.1828125 0.375 0.08125 0.128125
21 0.2734375 0.3828125 0.078125 0.13125
29 0.365625 0.38125 0.1046875 0.1265625
2 0.0859375 0.4953125 0.0875 0.1234375
1 0.1765625 0.496875 0.0578125 0.128125
0 0.2578125 0.5046875 0.0953125 0.1265625
0 0.346875 0.50625 0.09375 0.1234375
9 0.5875 0.515625 0.0875 0.1234375
0 0.6796875 0.521875 0.0890625 0.1234375
2 0.846875 0.5328125 0.109375 0.125
2 0.5484375 0.621875 0.0671875 0.0734375
2 0.6140625 0.6234375 0.065625 0.0765625
6 0.678125 0.628125 0.0640625 0.08125
1 0.7421875 0.6296875 0.053125 0.0796875